for all test cases:
k_max -> 5, 10, 15, 20
dist_threshold -> 350, 450, 500, 600, 700

---------------------
Cluster threshold = 25 km
Created 31 clusters from 158 stations

Cluster distribution of stations:
 1  2  3  4  5  6  8  9 10 11 12 13 14 15 16 17 18 19 20 21 22 23 24 25 26 
 3  1  2  8  6  6  6  8  6  7  5  7  6  7  5  5  2  1  3  1  3 17  5  4  4 
27 28 29 30 31 
10  4  6  1  6 

    k distance_thresholds avg_connections isolated_nodes
1   5                 350        2.933333              2
2   5                 450        4.066667              2
3   5                 500        4.466667              2
4   5                 600        5.000000              2
5   5                 700        5.733333              0
6  10                 350        2.933333              2
7  10                 450        5.066667              2
8  10                 500        5.666667              2
9  10                 600        6.666667              2
10 10                 700        8.666667              0
11 15                 350        2.933333              2
12 15                 450        5.066667              2
13 15                 500        5.666667              2
14 15                 600        6.733333              2
15 15                 700        8.933333              0
16 20                 350        2.933333              2
17 20                 450        5.066667              2
18 20                 500        5.666667              2
19 20                 600        6.733333              2
20 20                 700        8.933333              0

---------------------------------

Cluster threshold = 50 km
Created 29 clusters from 158 stations

Cluster distribution of stations:
 1  2  3  4  5  6  8  9 10 11 12 13 14 15 16 17 18 19 20 21 22 23 24 25 26 
 3  1  2  8  6  6  6  8  6  7  5  7  6  7  5  5  2  1  4  3 17  5  4  4 16 
27 28 29 
 4  6  1

    k distance_thresholds avg_connections isolated_nodes
1   5                 350        2.500000              3
2   5                 450        3.785714              2
3   5                 500        4.214286              2
4   5                 600        4.785714              2
5   5                 700        5.571429              0
6  10                 350        2.500000              3
7  10                 450        4.214286              2
8  10                 500        4.857143              2
9  10                 600        5.928571              2
10 10                 700        7.928571              0
11 15                 350        2.500000              3
12 15                 450        4.214286              2
13 15                 500        4.857143              2
14 15                 600        5.928571              2
15 15                 700        7.928571              0
16 20                 350        2.500000              3
17 20                 450        4.214286              2
18 20                 500        4.857143              2
19 20                 600        5.928571              2
20 20                 700        7.928571              0

-------------------------------------------

Cluster threshold = 75 km
Created 28 clusters from 158 stations

Cluster distribution of stations:
 1  2  3  4  5  7  8  9 10 11 12 13 14 15 16 17 18 19 20 21 22 23 24 25 26 
 3  3  8  6  6  6  8  6  7  5  7  6  7  5  5  2  1  4  3 17  5  4  4 16  4 
27 28 
 6  1 

    k distance_thresholds avg_connections isolated_nodes
1   5                 350        2.444444              3
2   5                 450        3.703704              2
3   5                 500        4.148148              2
4   5                 600        4.592593              2
5   5                 700        5.481481              0
6  10                 350        2.444444              3
7  10                 450        4.148148              2
8  10                 500        4.814815              2
9  10                 600        5.777778              2
10 10                 700        7.703704              0
11 15                 350        2.444444              3
12 15                 450        4.148148              2
13 15                 500        4.814815              2
14 15                 600        5.777778              2
15 15                 700        7.703704              0
16 20                 350        2.444444              3
17 20                 450        4.148148              2
18 20                 500        4.814815              2
19 20                 600        5.777778              2
20 20                 700        7.703704              0

-------------------------------------

Cluster threshold = 100 km
Created 25 clusters from 158 stations

Cluster distribution of stations:
 1  2  3  4  5  7  8  9 10 11 12 13 14 15 16 17 18 19 20 21 22 23 24 25 
 3  3  8  6  6 12  8  7  5  7  6  7  5  8  4  3 17  5  4  4 16  4  6  1 

    k distance_thresholds avg_connections isolated_nodes
1   5                 350        2.000000              5
2   5                 450        3.333333              2
3   5                 500        3.750000              2
4   5                 600        4.166667              2
5   5                 700        5.333333              0
6  10                 350        2.000000              5
7  10                 450        3.666667              2
8  10                 500        4.250000              2
9  10                 600        5.000000              2
10 10                 700        6.916667              0
11 15                 350        2.000000              5
12 15                 450        3.666667              2
13 15                 500        4.250000              2
14 15                 600        5.000000              2
15 15                 700        6.916667              0
16 20                 350        2.000000              5
17 20                 450        3.666667              2
18 20                 500        4.250000              2
19 20                 600        5.000000              2
20 20                 700        6.916667              0

----------------------------------------------------

Cluster Threshold = 125 km

Created 21 clusters from 158 stations

 1  2  3  4  6  7  8  9 10 11 12 13 14 15 16 17 18 19 20 21 
 6  8  6 10 19  8 12  6  7  5  8  4  3 17  5  4  4 16  6  1

    k distance_thresholds avg_connections isolated_nodes
1   5                 350             1.5              6
2   5                 450             2.9              2
3   5                 500             3.1              2
4   5                 600             3.4              2
5   5                 700             4.7              0
6  10                 350             1.5              6
7  10                 450             2.9              2
8  10                 500             3.1              2
9  10                 600             3.6              2
10 10                 700             5.5              0
11 15                 350             1.5              6
12 15                 450             2.9              2
13 15                 500             3.1              2
14 15                 600             3.6              2
15 15                 700             5.5              0
16 20                 350             1.5              6
17 20                 450             2.9              2
18 20                 500             3.1              2
19 20                 600             3.6              2
20 20                 700             5.5              0

-------------------------------------------------------

Cluster Threshold = 150 km
Created 21 clusters from 158 stations

Cluster distribution of stations:
 1  2  3  4  6  7  8  9 10 11 12 13 14 15 16 17 18 19 20 21 
 6  8  6 10 19  8 12  6  7  5  8  4  3 17  5  4  4 16  6  1 

Network parameters summary:

    k distance_thresholds avg_connections isolated_nodes
1   5                 350             1.5              6
2   5                 450             2.9              2
3   5                 500             3.1              2
4   5                 600             3.4              2
5   5                 700             4.7              0
6  10                 350             1.5              6
7  10                 450             2.9              2
8  10                 500             3.1              2
9  10                 600             3.6              2
10 10                 700             5.5              0
11 15                 350             1.5              6
12 15                 450             2.9              2
13 15                 500             3.1              2
14 15                 600             3.6              2
15 15                 700             5.5              0
16 20                 350             1.5              6
17 20                 450             2.9              2
18 20                 500             3.1              2
19 20                 600             3.6              2
20 20                 700             5.5              0






